 1.00772969E-08     1.0399999998516843E+17
 1.11833054E-08     1.0399999998173410E+17
 1.24107010E-08     1.0399999997750462E+17
 1.37728065E-08     1.0399999997229586E+17
 1.52844064E-08     1.0399999996588090E+17
 1.69619081E-08     1.0399999995798064E+17
 1.88235199E-08     1.0399999994825106E+17
 2.08894482E-08     1.0399999993626856E+17
 2.31821173E-08     1.0399999992151144E+17
 2.57264125E-08     1.0399999990333754E+17
 2.85499505E-08     1.0399999988095523E+17
 3.16833788E-08     1.0399999985339038E+17
 3.51607088E-08     1.0399999981944272E+17
 3.90196843E-08     1.0399999977763451E+17
 4.33021921E-08     1.0399999972614570E+17
 4.80547158E-08     1.0399999966273459E+17
 5.33288408E-08     1.0399999958464066E+17
 5.91818142E-08     1.0399999948846387E+17
 6.56771660E-08     1.0399999937001749E+17
 7.28853990E-08     1.0399999922414461E+17
 8.08847535E-08     1.0399999904449478E+17
 8.97620571E-08     1.0399999882324698E+17
 9.96136669E-08     1.0399999855076918E+17
 1.10546516E-07     1.0399999821519878E+17
 1.22679272E-07     1.0399999780192701E+17
 1.36143628E-07     1.0399999729296194E+17
 1.51085731E-07     1.0399999666614573E+17
 1.67667767E-07     1.0399999589418970E+17
 1.86069723E-07     1.0399999494348683E+17
 2.06491340E-07     1.0399999377264838E+17
 2.29154280E-07     1.0399999233070125E+17
 2.54304534E-07     1.0399999055487062E+17
 2.82215091E-07     1.0399998836784534E+17
 3.13188902E-07     1.0399998567441315E+17
 3.47562166E-07     1.0399998235731517E+17
 3.85707982E-07     1.0399997827214139E+17
 4.28040395E-07     1.0399997324104325E+17
 4.75018897E-07     1.0399996704499194E+17
 5.27153407E-07     1.0399995941424154E+17
 5.85009810E-07     1.0399995001658723E+17
 6.49216097E-07     1.0399993844290160E+17
 7.20469184E-07     1.0399992418932432E+17
 7.99542476E-07     1.0399990663532547E+17
 8.87294258E-07     1.0399988501669230E+17
 9.84677018E-07     1.0399985839225840E+17
 1.09274778E-06     1.0399982560293115E+17
 1.21267958E-06     1.0399978522123170E+17
 1.34577419E-06     1.0399973548914950E+17
 1.49347626E-06     1.0399967424161046E+17
 1.65738901E-06     1.0399959881222250E+17
 1.83929159E-06     1.0399950591719883E+17
 2.04115844E-06     1.0399939151240451E+17
 2.26518067E-06     1.0399925061730578E+17
 2.51378990E-06     1.0399907709815702E+17
 2.78968462E-06     1.0399886340099206E+17
 3.09585947E-06     1.0399860022279867E+17
 3.43563778E-06     1.0399827610656541E+17
 3.81270760E-06     1.0399787694258411E+17
 4.23116178E-06     1.0399738535431086E+17
 4.69554235E-06     1.0399677994206842E+17
 5.21088984E-06     1.0399603435170414E+17
 5.78279801E-06     1.0399511612770478E+17
 6.41747453E-06     1.0399398530091768E+17
 7.12180838E-06     1.0399259264951464E+17
 7.90344463E-06     1.0399087755766989E+17
 8.77086740E-06     1.0398876537900118E+17
 9.73349200E-06     1.0398616419040760E+17
 1.08017670E-05     1.0398296079561165E+17
 1.19872879E-05     1.0397901580537208E+17
 1.33029227E-05     1.0397415758163301E+17
 1.47629517E-05     1.0396817478415861E+17
 1.63832225E-05     1.0396080719850030E+17
 1.81813221E-05     1.0395173445103312E+17
 2.01767676E-05     1.0394056212741552E+17
 2.23912182E-05     1.0392680470173125E+17
 2.48487103E-05     1.0390986455069846E+17
 2.75759182E-05     1.0388900616595022E+17
 3.06024441E-05     1.0386332448205106E+17
 3.39611387E-05     1.0383170600250517E+17
 3.76884585E-05     1.0379278112388514E+17
 4.18248609E-05     1.0374486572254923E+17
 4.64152438E-05     1.0368588967279059E+17
 5.15094327E-05     1.0361330950482315E+17
 5.71627215E-05     1.0352400188424957E+17
 6.34364729E-05     1.0341413400645765E+17
 7.03987842E-05     1.0327900636568528E+17
 7.81252265E-05     1.0311286271353374E+17
 8.66996651E-05     1.0290866142910333E+17
 9.62151698E-05     1.0265780209190987E+17
 1.06775025E-04     1.0234980095813629E+17
 1.18493850E-04     1.0197190957286798E+17
 1.31498846E-04     1.0150867233863678E+17
 1.45931173E-04     1.0094142214988371E+17
 1.61947483E-04     1.0024771913183890E+17
 1.79721624E-04     9.9400747410578272E+16
 1.99446521E-04     9.8368700474883968E+16
 2.21336275E-04     9.7114209361922704E+16
 2.45628483E-04     9.5593902318471856E+16
 2.72586822E-04     9.3758232523458560E+16
 3.02503907E-04     9.1551773833239648E+16
 3.35704466E-04     8.8914262606383088E+16
 3.72548869E-04     8.5782749875962976E+16
 4.13437037E-04     8.2095304842502080E+16
 4.58812784E-04     7.7796742152816304E+16
 5.09168633E-04     7.2846770315970784E+16
 5.65051161E-04     6.7230686196131416E+16
 6.27066937E-04     6.0972161080237480E+16
 6.95889098E-04     5.4146689061864176E+16
 7.72264664E-04     4.6892920782016064E+16
 8.57022639E-04     3.9417658841504568E+16
 9.51083013E-04     3.1989413788099188E+16
 1.05546675E-03     2.4916172331328128E+16
 1.17130686E-03     1.8506483353207932E+16
 1.29986071E-03     1.3019288140808728E+16
 1.44252367E-03     8.6152367710537630E+15
 1.60084424E-03     5.3263757454377590E+15
 1.77654089E-03     3.0575712745047245E+15
 1.97152069E-03     1.9465372050095800E+15
 2.18790001E-03     1.6923003887119650E+15
 2.42802750E-03     1.4665763515792878E+15
 2.69450958E-03     1.2666338874433258E+15
 2.99023873E-03     1.0899901228946978E+15
 3.31842489E-03     9.3438307838547812E+14
 3.68263031E-03     7.9774736823731088E+14
 4.08680818E-03     6.7819289192399662E+14
 4.53534558E-03     5.7398637231566262E+14
 5.03311108E-03     4.8353558537541769E+14
 5.58550759E-03     4.0537610145249744E+14
 6.19853099E-03     3.3816032385735169E+14
 6.87883524E-03     2.8064857050360403E+14
 7.63380458E-03     2.3170190500044184E+14
 8.47163369E-03     1.9027639119681238E+14
 9.40141663E-03     1.5541842598321822E+14
 1.04332456E-02     1.2626080394388231E+14
 1.15783203E-02     1.0201918675652766E+14
 1.28490699E-02     8.1988689783059156E+13
 1.42592874E-02     6.5540354935061586E+13
 1.58242798E-02     5.2117347087952992E+13
 1.75610340E-02     4.1230784028349258E+13
 1.94884013E-02     3.2455179802469230E+13
 2.16273020E-02     2.5423541878177652E+13
 2.40009524E-02     1.9822208981767828E+13
 2.66351168E-02     1.5385546329646018E+13
 2.95583874E-02     1.1890628073136807E+13
 3.28024942E-02     9.1520349207096719E+12
 3.64026498E-02     7.0168812807945381E+12
 4.03979315E-02     5.3601647362492178E+12
 4.48317053E-02     4.0805050913828672E+12
 4.97520969E-02     3.0963140122939932E+12
 5.52125137E-02     2.3424120123949775E+12
 6.12722250E-02     1.7670889248687727E+12
 6.79970046E-02     1.3295879147093567E+12
 7.54598456E-02     9.9798168060476855E+11
 8.37417521E-02     7.4740244431887146E+11
 9.29326184E-02     5.5858397837679395E+11
 1.03132205E-01     4.1667349891723676E+11
 1.14451222E-01     3.1027295513848102E+11
 1.27012530E-01     2.3067235773724136E+11
 1.40952472E-01     1.7124170189418753E+11
 1.56422357E-01     1.2695228528339345E+11
 1.73590102E-01     9.4002457418411057E+10
 1.92642049E-01     6.9526836014817123E+10
 2.13784994E-01     5.1371653673779091E+10
 2.37248431E-01     3.7922088747198151E+10
 2.63287039E-01     2.7970172139326530E+10
 2.92183449E-01     2.0614164244267845E+10
 3.24251312E-01     1.5182199983238085E+10
 3.59838703E-01     1.1174551558922260E+10
 3.99331898E-01     8.2201076925607719E+09
 4.43159571E-01     6.0436630280245314E+09
 4.91797440E-01     4.4413964582860088E+09
 5.45773437E-01     3.2625315665663981E+09
 6.05673434E-01     2.3956498117458949E+09
 6.72147606E-01     1.7584957171372232E+09
 7.45917484E-01     1.2903963390738521E+09
 8.27783790E-01     9.4663349333423829E+08
 9.18635127E-01     6.9427164200207841E+08
 1.01945763E+00     5.0906889425621045E+08
 1.13134564E+00     3.7319258682199371E+08
 1.25551365E+00     2.7353164623489356E+08
 1.39330941E+00     2.0045100737746423E+08
 1.54622860E+00     1.4687308081123561E+08
 1.71593105E+00     1.0760091778564602E+08
 1.90425876E+00     7.8819820147546723E+07
 2.11325592E+00     5.7730578698844597E+07
 2.34519103E+00     4.2279728455084667E+07
 2.60258160E+00     3.0961258697659116E+07
 2.88822142E+00     2.2670916591960255E+07
 3.20521094E+00     1.6599199051347576E+07
 3.55699084E+00     1.2152788935792724E+07
 3.94737946E+00     8.8968941009527966E+06
 4.38061421E+00     6.5129406995909400E+06
 4.86139756E+00     4.7675406298003998E+06
 5.39494808E+00     3.4897343481262596E+06
 5.98705710E+00     2.5543059942126921E+06
 6.64415156E+00     1.8695530040269888E+06
 7.37336378E+00     1.3683225846351152E+06
 8.18260886E+00     1.0014435095463234E+06
 9.08067061E+00     7.3291384110979876E+05
 1.00772969E+01     5.3637562198226189E+05
